# time density mach_number sound_speed magnetic_energy_density magnetic_field_magnitude
0.000000000000000000e+00 1.000000000000000000e+00 0.000000000000000000e+00 1.000049998750045521e+00 5.000000000325178899e-05 2.520539016606152330e-02
2.006512356197828195e-01 1.000000000002689404e+00 1.516341420609111368e-01 1.000049998059614698e+00 5.052532430541298373e-05 2.533912959895244510e-02
4.001368835266797541e-01 1.000000000011421974e+00 2.902348813653416459e-01 1.000049979036540915e+00 6.143465938298226523e-05 2.738223398036662357e-02
6.003580844328121335e-01 1.000000000000806466e+00 4.166990973107581597e-01 1.000049911817626924e+00 1.129615581173491892e-04 3.517565859618401042e-02
8.000284573227127716e-01 1.000000000006473044e+00 5.194559644549430200e-01 1.000049694452294080e+00 2.659772081611098547e-04 5.073101568676589845e-02
1.000326445733782377e+00 1.000000000003925749e+00 6.169111833484688390e-01 1.000049398222125463e+00 6.457849919673863204e-04 7.495754485080306784e-02
1.200217562319151110e+00 9.999999999941167061e-01 6.957685082308688873e-01 1.000049304122056837e+00 1.426765040256063218e-03 1.109144426009497919e-01
1.400005234458566283e+00 1.000000000008105516e+00 7.463356574914694619e-01 1.000049367582948268e+00 2.994351236303786565e-03 1.703133391923945250e-01
1.600208345249859887e+00 9.999999999916528992e-01 7.676202093022365114e-01 1.000050749896285840e+00 5.637418105254803948e-03 2.614131149039543578e-01
1.800217889537575111e+00 9.999999999890665237e-01 7.390902834552168787e-01 1.000054559406015287e+00 9.272732314249838501e-03 3.683708768518132448e-01
2.000132212849296209e+00 9.999999999974633624e-01 6.929417302239754273e-01 1.000059260073996148e+00 1.208658958899864674e-02 4.433100306820894621e-01
2.200051617697602602e+00 1.000000000003018030e+00 6.674319282502799711e-01 1.000063093476195375e+00 1.345318525886410321e-02 4.777885294290930007e-01
2.400375834918428986e+00 9.999999999965769604e-01 6.679197876274225454e-01 1.000066051686853363e+00 1.425791433505821035e-02 4.968392919742584124e-01
2.600314637333172918e+00 1.000000000002270184e+00 6.688101087263613742e-01 1.000068576486315752e+00 1.493598214290364767e-02 5.087553303787387682e-01
2.800287280289316616e+00 9.999999999908464332e-01 6.726434335783874063e-01 1.000070825457836765e+00 1.594815688744133722e-02 5.261958870481493467e-01
3.000074701198908400e+00 1.000000000002730260e+00 6.790168936201715910e-01 1.000073170417975499e+00 1.725399751883155419e-02 5.464355043246925669e-01
3.200334469407186688e+00 1.000000000004112266e+00 6.828231932470705257e-01 1.000075655269712316e+00 1.893735454882154029e-02 5.737515392353738086e-01
3.400090276221601204e+00 9.999999999971187492e-01 6.888657608542868571e-01 1.000078422490288999e+00 2.096979865633809975e-02 6.052006262175521067e-01
3.600029643336395413e+00 9.999999999981010745e-01 6.864636380931038451e-01 1.000080901431044555e+00 2.286550509548748722e-02 6.328290174326007822e-01
3.800146587911250151e+00 9.999999999966782127e-01 6.897432457532086669e-01 1.000083652287854452e+00 2.465283138880076941e-02 6.579241232820352003e-01
4.000028318622991463e+00 1.000000000005714540e+00 6.903203987478038206e-01 1.000086485313862239e+00 2.644393066599232470e-02 6.825132288473114706e-01
4.200249857702130996e+00 1.000000000006838974e+00 6.878195741754500325e-01 1.000089323349836690e+00 2.784535519600427403e-02 7.022824544073708042e-01
4.400237516263121762e+00 1.000000000004904521e+00 6.766234717197349147e-01 1.000092214366606669e+00 2.937937204284472859e-02 7.226294709917256975e-01
4.600053586102408332e+00 9.999999999944559903e-01 6.806926535740572826e-01 1.000094990360040903e+00 3.091048904406989636e-02 7.402624748059311033e-01
4.800286807729740701e+00 1.000000000006423306e+00 6.720141028489994284e-01 1.000097780846884499e+00 3.303756226231816667e-02 7.640498967713414968e-01
5.000132336818150947e+00 1.000000000000671463e+00 6.666268037873998020e-01 1.000100667231188956e+00 3.443080129921555210e-02 7.819508577004556926e-01
5.200089692168218924e+00 9.999999999908855131e-01 6.684469411513627168e-01 1.000103554238511272e+00 3.707997043846759933e-02 8.076135409182400027e-01
5.400050224066434090e+00 9.999999999957474017e-01 6.636427961979204371e-01 1.000106400487275060e+00 3.977713104437952119e-02 8.366173303946020656e-01
5.600048417594414296e+00 1.000000000005513812e+00 6.598292710128951244e-01 1.000109441096663554e+00 4.225709205796756435e-02 8.664214300403032532e-01
5.800112038118859559e+00 9.999999999997548628e-01 6.490402902966565524e-01 1.000112481130966735e+00 4.483348946290140885e-02 8.906055793344384020e-01
6.000071571253409175e+00 1.000000000005632828e+00 6.366462890987774070e-01 1.000115493217681006e+00 4.686339400994715687e-02 9.084972797002344169e-01
6.200019420423035221e+00 9.999999999944861884e-01 6.275619599189523612e-01 1.000118400404000241e+00 4.768860110023646903e-02 9.223126721467438394e-01
6.400123955895812955e+00 1.000000000009858780e+00 6.213445485798453349e-01 1.000121118262273567e+00 4.861806565757337273e-02 9.350904943875345543e-01
6.600146064090358422e+00 9.999999999977848830e-01 6.199192154602468641e-01 1.000123773635745561e+00 4.781399912640464656e-02 9.322134661414285262e-01
6.800382927327305538e+00 1.000000000000538236e+00 6.102234741388288253e-01 1.000126359403897602e+00 4.749075806066762467e-02 9.288950650848415425e-01
7.000196681875668681e+00 1.000000000001717737e+00 6.012647149792863521e-01 1.000128913117220852e+00 4.748905680630177706e-02 9.321931629158136667e-01
7.200039109958229488e+00 1.000000000013399060e+00 6.003693486739878349e-01 1.000131390760496730e+00 4.869093590608243594e-02 9.438747460220465735e-01
7.400179172436439856e+00 9.999999999943405271e-01 6.114398324381515870e-01 1.000133903821387671e+00 5.031415289988523665e-02 9.582588602907895492e-01
7.600090665494499298e+00 1.000000000001554312e+00 6.181798498001885855e-01 1.000136325725070829e+00 5.281836972437089356e-02 9.799090575183460050e-01
7.800148258601176998e+00 1.000000000004130030e+00 6.146300274721533397e-01 1.000138892464948803e+00 5.597379411969864715e-02 1.005656486166913055e+00
8.000236329261298351e+00 1.000000000008611778e+00 6.131360137075081429e-01 1.000141693515117058e+00 5.792898742090294567e-02 1.025221165136745105e+00
8.200069170138847952e+00 1.000000000007458922e+00 6.101895986507298586e-01 1.000144470801484164e+00 5.975912993965717263e-02 1.043064017470079818e+00
8.400130608889583073e+00 1.000000000000861533e+00 6.074301186119459572e-01 1.000147280371709302e+00 6.155576981119608576e-02 1.064043075518837700e+00
8.600086264940758340e+00 1.000000000002936318e+00 6.006068472857284402e-01 1.000150312275555731e+00 6.265009308056967985e-02 1.077834399843210944e+00
8.800201655264514145e+00 1.000000000004211742e+00 5.857644265522086169e-01 1.000153220408603660e+00 6.322165851391935154e-02 1.081658054606324804e+00
9.000202389294885919e+00 1.000000000002419398e+00 5.735315281969136647e-01 1.000156068125040543e+00 6.457953258427946708e-02 1.093465946209647432e+00
9.200236118722525447e+00 1.000000000002307488e+00 5.657203735740188311e-01 1.000158908359582322e+00 6.677673957140962957e-02 1.111788056660756752e+00
9.400124048864700654e+00 1.000000000011445067e+00 5.651017495043271222e-01 1.000161581566263447e+00 6.969536594756063630e-02 1.136000866065829173e+00
9.600049223966676593e+00 9.999999999962003727e-01 5.634691523191884821e-01 1.000164252900724637e+00 7.310627835549307618e-02 1.167491496970003206e+00
9.800049285487915540e+00 1.000000000011397105e+00 5.623431896456968504e-01 1.000166918526664839e+00 7.448166356032885627e-02 1.180380430179412521e+00
1.000000000000000000e+01 9.999999999856470367e-01 5.659497191481420719e-01 1.000169592172970745e+00 7.517176010484342974e-02 1.184979381890514993e+00
