time density mach_number sound_speed magnetic_energy_density magnetic_field_magnitude
0.000000000000000000e+00 1.000000000000000000e+00 0.000000000000000000e+00 1.000049998750045521e+00 1.249999999922540720e-03 1.260269508229000801e-01
2.005897484285769916e-01 9.999999999944222395e-01 1.514629270797852312e-01 1.000049998089671321e+00 1.258892721244914224e-03 1.265171380910132259e-01
4.000052203774413506e-01 1.000000000010821566e+00 2.891282566671415921e-01 1.000049979587165794e+00 1.525786941679850963e-03 1.364435393308268962e-01
6.003011592985317835e-01 1.000000000001467271e+00 4.129769443950268015e-01 1.000049916247761850e+00 2.739260050580759071e-03 1.736885079643468999e-01
8.004233379366030299e-01 1.000000000000127898e+00 5.105963946727489766e-01 1.000049718797582310e+00 6.082727197162686797e-03 2.459663547133624228e-01
1.000190567383947959e+00 1.000000000003012701e+00 5.979605890860908435e-01 1.000049516478475509e+00 1.294076765263883419e-02 3.511070140469079170e-01
1.200066246302825101e+00 9.999999999971080911e-01 6.593094008147841745e-01 1.000049668060271291e+00 2.321632940602308404e-02 4.865823185184127708e-01
1.400038371723433039e+00 1.000000000005448086e+00 6.806892311850997190e-01 1.000050578541497925e+00 3.541537717875884589e-02 6.548568916526393835e-01
1.600221183190740248e+00 9.999999999921627136e-01 6.738607435534306189e-01 1.000053184344739332e+00 4.470779930119011397e-02 8.098671160037647088e-01
1.800244632431839520e+00 9.999999999931556971e-01 6.434527585613334377e-01 1.000057068797776338e+00 4.749930927258964181e-02 8.887273942138828042e-01
2.000299045484500216e+00 9.999999999976392218e-01 6.165450677553903081e-01 1.000060851130160522e+00 4.788775176905828851e-02 9.210517575337360263e-01
2.200344704862582379e+00 1.000000000003588241e+00 6.139586840345832019e-01 1.000064156311185171e+00 4.720234077863323663e-02 9.282925852616785711e-01
2.400220898009572945e+00 9.999999999763424796e-01 6.139226872386356337e-01 1.000067021084971364e+00 4.752006057679369205e-02 9.332789303489086308e-01
2.600395877366104891e+00 1.000000000006583178e+00 6.076272096979269399e-01 1.000069732449264892e+00 4.816802082589900780e-02 9.393160487901487388e-01
2.800141569797524710e+00 9.999999999942588147e-01 6.055275882052536529e-01 1.000072295136296363e+00 4.810721931393630718e-02 9.407542481215391827e-01
3.000331717741709259e+00 1.000000000006412648e+00 6.135207530856287006e-01 1.000074940058514272e+00 4.899863750334978313e-02 9.497644074216440302e-01
3.200165368716567649e+00 9.999999999962589925e-01 6.158184801671804376e-01 1.000077420449765553e+00 5.008414940767347279e-02 9.603822228688474461e-01
3.400373697490072011e+00 9.999999999925872629e-01 6.235836349483453445e-01 1.000080113713166297e+00 5.164847406332701701e-02 9.751507039906628371e-01
3.600281540724973528e+00 9.999999999925961447e-01 6.209748501253969932e-01 1.000082678765896516e+00 5.336802978961129040e-02 9.907125699000481900e-01
3.800374582694603376e+00 1.000000000005135448e+00 6.172565940345016156e-01 1.000085285783305578e+00 5.573828606864259655e-02 1.010646676155147805e+00
4.000160537687943219e+00 9.999999999997566391e-01 6.186807997513975588e-01 1.000088002694781375e+00 5.840052800476543821e-02 1.036317183219590099e+00
4.200355970159118435e+00 1.000000000001319833e+00 6.137879926899335592e-01 1.000090840979378948e+00 5.973420021045790923e-02 1.051704611951342017e+00
4.400070627221237096e+00 1.000000000009711343e+00 6.012548207254068133e-01 1.000093895572507829e+00 5.941311676267589659e-02 1.051760207910955369e+00
4.600167065212974471e+00 1.000000000004257927e+00 5.962229115823109993e-01 1.000096872269984782e+00 5.928454991366741839e-02 1.055120718450896833e+00
4.800165502540644447e+00 1.000000000004900969e+00 5.948898060898906159e-01 1.000099534944313362e+00 6.118573138501189751e-02 1.070632772267558153e+00
5.000334980609562052e+00 1.000000000005739409e+00 5.988394379087095265e-01 1.000102201681034142e+00 6.409845526115136305e-02 1.095151875269883668e+00
5.200001578786012324e+00 9.999999999894484404e-01 5.983139029385737828e-01 1.000105031048892146e+00 6.592181302083445493e-02 1.109599231919071283e+00
5.400002488784314103e+00 1.000000000007673862e+00 5.967853592340601754e-01 1.000107867235422887e+00 6.644660053769413377e-02 1.114516927776817656e+00
5.600228950720869570e+00 1.000000000000712319e+00 5.997123906733359266e-01 1.000110717082924650e+00 6.547289583773226174e-02 1.106672983427206214e+00
5.800291825863499007e+00 1.000000000010537349e+00 5.955491450423368027e-01 1.000113418902278228e+00 6.393161438959843457e-02 1.093067357044771759e+00
6.000187509705774858e+00 9.999999999953548269e-01 5.892418127620564494e-01 1.000115961162973299e+00 6.472812807072263197e-02 1.100316380895578261e+00
6.200024965974284541e+00 9.999999999960138553e-01 5.849108196091068468e-01 1.000118508717923183e+00 6.644688150274545568e-02 1.115353534529379687e+00
6.400053437275892598e+00 1.000000000007490897e+00 5.744609725961384861e-01 1.000121085579766866e+00 6.830597295729985696e-02 1.130838324507583481e+00
6.600418150944175721e+00 1.000000000008318679e+00 5.667549605429235138e-01 1.000123655198197570e+00 7.009814619351181775e-02 1.143977260152567732e+00
6.800003110803305439e+00 1.000000000000845546e+00 5.668519973609132956e-01 1.000126249712967486e+00 7.010165550510187582e-02 1.146426120216436528e+00
7.000297030506136942e+00 1.000000000007860379e+00 5.650007302636377293e-01 1.000128912359570021e+00 6.986692890599943695e-02 1.145037339692758671e+00
7.200331836382471984e+00 9.999999999979625187e-01 5.708886567074529239e-01 1.000131557982987696e+00 6.969361102025460608e-02 1.145249966095775562e+00
7.400323721283912803e+00 1.000000000003405276e+00 5.733484110614276430e-01 1.000134204833468266e+00 7.022393161360412916e-02 1.151705752905015867e+00
7.600254471016225644e+00 1.000000000003632650e+00 5.707678206882439431e-01 1.000136782304122285e+00 7.204834183730522701e-02 1.168632189986452907e+00
7.800287509646566697e+00 1.000000000000676792e+00 5.774105813497701911e-01 1.000139458486049682e+00 7.321365283961923931e-02 1.178982500606276407e+00
8.000356060343964515e+00 1.000000000000984102e+00 5.889390575546635809e-01 1.000142171802057556e+00 7.226023473367838845e-02 1.171896965985373740e+00
8.200379812581756411e+00 9.999999999922479788e-01 5.993863622592013884e-01 1.000144828666420960e+00 7.220035373351184338e-02 1.170094764028670964e+00
8.400142609537629923e+00 9.999999999955910823e-01 6.085736597455631003e-01 1.000147505390111657e+00 7.389808454470596366e-02 1.182268770615732212e+00
8.600119400976502959e+00 9.999999999960973440e-01 6.107756900759772067e-01 1.000150297366833918e+00 7.568710840938099038e-02 1.193340551279625128e+00
8.800066391460521942e+00 9.999999999965911712e-01 6.012427041507617531e-01 1.000153353651535459e+00 7.897140327422434714e-02 1.219918513734826293e+00
9.000029679801075488e+00 9.999999999898943059e-01 5.852232021811638596e-01 1.000156505102441251e+00 8.209625926654015582e-02 1.248433902276362417e+00
9.200102965183207360e+00 9.999999999981188381e-01 5.679012546046324772e-01 1.000159582783280765e+00 8.529588628239787029e-02 1.272655793288328674e+00
9.400177173415810827e+00 1.000000000007950973e+00 5.561768583372791452e-01 1.000162518000578649e+00 8.636058508184885074e-02 1.288338672353017245e+00
9.600228069736594705e+00 9.999999999996056488e-01 5.507568378030345269e-01 1.000165450820343915e+00 8.716151460610065127e-02 1.295144011852274790e+00
9.800028685762219638e+00 9.999999999865583078e-01 5.454060002606850865e-01 1.000168259705629836e+00 8.717759445139260099e-02 1.292901056032092155e+00
1.000000000000000000e+01 1.000000000000115463e+00 5.387637321409195490e-01 1.000170917427510853e+00 8.911614946271008419e-02 1.307028376028819716e+00
